method,length_bin,avg_length,n_samples,accuracy,f1
AA-KEA (Our Method),"(0, 40]",19.62625,400,0.565,0.6801470588235294
BERTScore,"(0, 40]",19.62625,400,0.7125,0.7578947368421053
sentence-t5-base,"(0, 40]",19.62625,400,0.72,0.7656903765690377
ROUGE-L,"(0, 40]",19.62625,400,0.655,0.7294117647058823
